1	171.16
2	180.03
3	191.4
4	199.1
5	195.08
6	179.52
7	174.84
8	178.52
9	183.54
10	177.02
11	162.29
12	156.44
13	159.78
14	169.49
15	172.83
16	162.12
17	156.94
18	160.45
19	167.31
20	166.64
21	159.11
22	160.28
23	168.48
24	179.02
25	178.35
26	167.81
27	152.09
28	137.03
29	129.16
30	117.45
31	101.39
32	96.037
33	96.204
34	97.877
35	98.044
36	90.181
37	73.282
38	65.753
39	64.08
40	62.407
41	58.224
42	56.551
43	66.255
44	75.123
45	84.994
46	88.675
47	87.169
48	93.694
49	104.4
50	112.77
51	110.59
52	97.208
53	99.55
54	107.08
55	119.79
56	122.3
57	114.11
58	103.9
59	96.706
60	100.72
61	101.56
62	98.714
63	98.881
64	98.714
65	98.881
66	91.854
67	75.625
68	62.24
69	66.423
70	79.64
71	86.5
72	82.986
73	79.64
74	84.492
75	91.854
76	93.694
77	84.158
78	73.952
79	80.979
80	103.57
81	133.35
82	156.94
83	178.02
84	202.11
85	221.69
86	225.37
87	203.45
88	170.99
89	150.58
90	143.72
91	148.07
92	147.9
93	140.71
94	142.38
95	151.58
96	158.78
97	160.62
98	153.26
99	153.76
100	158.78
101	168.32
102	170.66
103	169.65
104	173.67
105	176.51
106	179.19
107	176.51
108	162.96
109	149.91
110	146.73
111	151.75
112	155.1
113	152.25
114	157.27
115	177.02
116	200.61
117	219.85
118	223.69
119	222.86
120	228.38
121	236.75
122	240.26
123	229.38
124	216.67
125	208.64
126	201.61
127	194.25
128	181.7
129	165.47
130	161.79
131	165.81
132	174.34
133	174.67
134	168.48
135	167.65
136	168.48
137	172
138	170.66
139	163.96
140	165.64
141	167.31
142	165.47
143	158.95
144	148.07
145	142.88
146	141.88
147	145.9
148	146.23
149	134.69
150	129
151	127.83
152	132.01
153	133.01
154	127.32
155	126.49
156	135.69
157	153.93
158	170.16
159	172.5
160	169.82
161	172.33
162	177.18
163	178.69
164	167.65
165	158.78
166	162.63
167	171.83
168	182.87
169	188.73
170	191.91
171	202.11
172	221.69
173	240.26
174	246.28
175	244.44
176	256.15
177	276.73
178	299.99
179	309.19
180	301.16
181	291.46
182	284.93
183	290.62
184	288.61
185	277.23
186	276.23
187	276.06
188	276.23
189	272.05
190	256.66
191	240.43
192	233.73
193	234.74
194	230.55
195	218.84
196	215.16
197	221.19
198	232.56
199	236.91
200	225.54
201	212.49
202	204.79
203	201.44
204	201.61
205	194.92
206	183.71
207	177.68
208	176.35
209	178.69
210	174.67
211	164.97
212	158.61
213	154.26
214	153.26
215	144.56
216	134.18
217	132.51
218	128.66
219	131.34
220	131
221	124.48
222	122.64
223	126.99
224	131.67
225	129.16
226	122.81
227	119.63
228	118.79
229	128.66
230	136.02
231	131
232	125.99
233	132.68
234	146.73
235	153.93
236	148.91
237	143.05
238	139.7
239	140.21
240	140.04
241	131.51
242	121.13
243	119.29
244	126.99
245	128.66
246	113.6
247	102.23
248	104.23
249	105.57
250	108.75
251	109.76
252	108.42
253	119.13
254	132.01
255	140.88
256	144.22
257	140.88
258	143.72
259	148.91
260	151.75
261	143.22
262	131
263	128.66
264	126.99
265	132.01
266	127.32
267	114.61
268	107.25
269	105.07
270	107.92
271	99.885
272	77.632
273	66.088
274	60.065
275	59.228
276	52.536
277	37.143
278	29.447
279	36.474
280	54.878
281	66.59
282	61.905
283	55.882
284	60.065
285	69.601
286	75.959
287	78.971
288	83.656
289	95.702
290	108.92
291	116.11
292	107.92
293	89.679
294	84.994
295	93.862
296	97.877
297	99.383
298	109.76
299	130.34
300	154.09
301	179.86
302	191.57
303	182.7
304	177.85
305	178.52
306	184.54
307	181.53
308	169.65
309	164.13
310	161.29
311	159.11
312	152.42
313	137.7
314	123.14
315	114.44
316	118.96
317	115.44
318	109.09
319	100.55
320	94.029
321	93.36
322	91.687
323	83.656
324	74.621
325	70.438
326	73.45
327	71.776
328	62.24
329	52.368
330	46.512
331	43.334
332	40.657
333	31.956
334	17.735
335	14.054
336	16.898
337	18.739
338	10.373
339	0
340	5.354
341	10.708
342	17.4
343	19.743
344	11.043
345	10.875
346	19.575
347	29.447
348	29.112
349	20.579
350	20.077
351	30.116
352	47.182
353	59.061
354	57.89
355	58.894
356	60.065
357	60.232
358	54.878
359	45.007
360	44.672
361	56.718
362	72.111
363	83.488
364	84.994
365	83.321
366	89.846
367	99.216
368	104.74
369	100.72
370	101.39
371	109.42
372	123.64
373	139.54
374	145.23
375	138.87
376	145.06
377	157.44
378	165.81
379	166.64
380	166.47
381	177.85
382	193.24
383	211.65
384	220.68
385	217
386	216.67
387	214.49
388	212.49
389	198.43
390	183.87
391	182.7
392	182.54
393	184.04
394	184.04
395	181.87
396	177.35
397	180.19
398	191.91
399	200.44
400	208.3
401	217.5
402	220.35
403	227.54
404	229.72
405	221.52
406	212.49
407	214.49
408	220.85
409	221.35
410	208.8
411	196.09
412	192.41
413	192.24
414	196.26
415	194.58
416	187.05
417	183.21
418	181.7
419	180.36
420	171.16
421	159.45
422	157.11
423	162.63
424	172.67
425	174
426	166.47
427	169.15
428	174.17
429	175.84
430	173.5
431	175.51
432	187.22
433	194.92
434	198.77
435	199.43
436	189.9
437	186.55
438	194.42
439	218.68
440	237.92
441	243.44
442	248.46
443	262.01
444	278.74
445	287.94
446	288.28
447	291.62
448	302
449	312.87
450	312.2
451	302.5
452	299.32
453	291.62
454	272.22
455	231.06
456	174.34
457	133.68
458	138.7
459	167.48
460	199.1
461	230.22
462	259.5
463	288.11
464	315.05
465	342.49
466	353.7
467	351.19
468	351.35
469	356.04
470	363.9
471	360.22
472	348.68
473	342.65
474	334.12
475	328.43
476	321.74
477	305.51
478	299.99
479	306.35
480	317.05
481	313.71
482	305.34
483	304.67
484	311.2
485	325.59
486	333.12
487	324.25
488	313.37
489	310.03
490	317.05
491	318.9
492	310.86
493	302.33
494	300.16
495	303.67
496	308.52
497	304.67
498	290.79
499	282.42
500	278.74
501	274.56
502	269.2
503	263.52
504	264.02
505	275.9
506	293.63
507	300.32
508	294.63
509	293.3
510	297.98
511	306.68
512	302.83
513	288.61
514	279.58
515	272.88
516	269.04
517	252.14
518	223.36
519	201.11
520	194.58
521	202.28
522	200.94
523	190.9
524	183.54
525	180.03
526	181.53
527	179.36
528	169.99
529	162.96
530	163.96
531	166.14
532	160.28
533	147.9
534	143.72
535	148.57
536	153.76
537	156.6
538	147.74
539	133.68
540	127.66
541	128.16
542	131.17
543	125.65
544	121.8
545	128.33
546	138.53
547	154.09
548	165.97
549	169.49
550	175.34
551	183.71
552	199.94
553	206.13
554	201.61
555	197.26
556	190.57
557	175.68
558	148.74
559	115.11
560	85.329
561	71.442
562	67.594
563	57.22
564	45.007
565	40.824
566	45.174
567	66.255
568	93.192
569	114.61
570	131.34
571	146.56
572	164.13
573	167.98
574	156.27
575	142.88
576	135.52
577	133.01
578	127.66
579	113.6
580	96.539
581	90.515
582	93.527
583	96.873
584	92.021
585	91.352
586	104.57
587	115.28
588	121.64
589	115.78
590	99.383
591	94.029
592	93.694
593	97.208
594	89.01
595	74.621
596	68.263
597	59.563
598	54.711
599	42.162
600	21.918
601	11.544
602	17.233
603	31.956
604	34.131
605	28.108
606	25.766
607	31.789
608	44.505
609	54.711
610	49.691
611	36.976
612	19.91
613	13.887
614	10.875
615	8.7002
616	11.712
617	23.424
618	36.976
619	48.186
620	48.018
621	41.66
622	40.322
623	47.349
624	55.882
625	56.718
626	51.866
627	58.559
628	69.601
629	84.158
630	85.329
631	83.154
632	89.177
633	96.873
634	108.08
635	107.25
636	100.55
637	102.73
638	108.92
639	120.63
640	125.48
641	122.3
642	123.64
643	129.16
644	137.36
645	138.03
646	133.85
647	136.36
648	143.89
649	152.42
650	155.43
651	148.4
652	138.87
653	131.34
654	129.83
655	119.13
656	102.56
657	93.862
658	94.196
659	99.216
660	110.43
661	118.62
662	121.13
663	131
664	154.6
665	169.15
666	168.98
667	173.33
668	187.39
669	203.28
670	216
671	220.68
672	220.52
673	237.92
674	259.83
675	278.74
676	285.6
677	286.6
678	300.32
679	315.21
680	333.62
681	347
682	351.19
683	364.24
684	374.28
685	391.01
686	396.53
687	396.36
688	404.73
689	413.59
690	427.48
691	428.48
692	411.59
693	391.17
694	381.8
695	382.81
696	377.79
697	364.74
698	358.05
699	357.38
700	358.88
701	357.88
702	345.83
703	330.1
704	322.24
705	322.41
706	322.41
707	316.05
708	305.51
709	305.68
710	311.53
711	318.9
712	315.38
713	302.16
714	297.48
715	297.65
716	296.48
717	282.59
718	262.51
719	255.15
720	251.47
721	250.13
722	244.78
723	234.57
724	230.72
725	226.04
726	225.37
727	213.49
728	202.28
729	202.95
730	208.14
731	219.01
732	227.04
733	224.03
734	216.33
735	210.48
736	207.97
737	203.45
738	194.08
739	190.4
740	195.42
741	199.6
742	196.09
743	183.87
744	174.67
745	178.86
746	190.07
747	197.26
748	192.41
749	185.72
750	187.56
751	189.4
752	188.73
753	184.38
754	179.19
755	182.03
756	197.76
757	213.66
758	216.5
759	211.15
760	219.51
761	231.22
762	239.59
763	235.41
764	217.5
765	208.14
766	208.97
767	220.01
768	223.03
769	224.03
770	235.74
771	247.96
772	255.65
773	253.64
774	240.93
775	231.56
776	235.24
777	243.77
778	243.1
779	229.55
780	218.68
781	219.68
782	221.69
783	220.35
784	205.96
785	186.89
786	174.51
787	174.34
788	173
789	163.3
790	152.09
791	147.57
792	151.25
793	160.12
794	155.1
795	142.55
796	143.39
797	149.91
798	159.78
799	160.12
800	151.92
801	153.59
802	162.12
803	174.84
804	183.37
805	181.53
806	185.38
807	194.75
808	206.63
809	206.46
810	197.59
811	199.94
812	205.79
813	209.47
814	206.63
815	195.25
816	189.23
817	185.72
818	193.24
819	194.25
820	184.54
821	182.37
822	190.4
823	202.11
824	214.66
825	218.34
826	218.01
827	229.89
828	246.28
829	255.32
830	255.15
831	258.83
832	271.04
833	280.92
834	286.6
835	278.07
836	257.16
837	243.61
838	236.24
839	229.55
840	212.99
841	197.26
842	198.6
843	203.12
844	207.47
845	201.94
846	183.04
847	170.66
848	173.5
849	170.49
850	155.6
851	135.52
852	127.49
853	124.98
854	129.33
855	132.68
856	129.83
857	126.99
858	126.65
859	130.34
860	126.32
861	116.95
862	121.8
863	128.66
864	131
865	129.16
866	114.44
867	98.212
868	94.698
869	92.523
870	83.823
871	67.426
872	54.711
873	47.349
874	42.664
875	41.995
876	38.816
877	30.283
878	28.276
879	33.128
880	43.334
881	50.193
882	52.536
883	61.403
884	79.473
885	100.55
886	111.6
887	111.43
888	109.09
889	115.44
890	126.49
891	131.67
892	136.86
893	152.42
894	166.47
895	177.18
896	181.03
897	170.66
898	165.47
899	166.31
900	178.69
901	189.73
902	190.23
903	191.4
904	194.25
905	202.95
906	211.65
907	204.45
908	189.56
909	177.52
910	180.03
911	183.04
912	184.38
913	189.23
914	203.12
915	218.01
916	232.73
917	243.61
918	245.45
919	252.47
920	263.01
921	270.88
922	272.55
923	277.23
924	294.97
925	317.05
926	338.64
927	345.83
928	345
929	349.51
930	356.87
931	364.91
932	364.91
933	357.21
934	354.53
935	351.86
936	345.5
937	328.26
938	302.67
939	283.76
940	269.54
941	261.51
942	249.8
943	241.93
944	254.31
945	279.41
946	308.35
947	331.44
948	343.49
949	349.35
950	360.39
951	368.75
952	371.6
953	367.25
954	365.91
955	371.6
956	383.81
957	392.01
958	383.81
959	370.26
960	366.58
961	370.93
962	382.47
963	391.01
964	402.72
965	424.47
966	446.72
967	467.47
968	472.82
969	456.76
970	447.22
971	453.25
972	459.27
973	454.25
974	450.4
975	465.29
976	484.7
977	505.28
978	518.5
979	519.33
980	525.36
981	539.75
982	552.13
983	558.15
984	561.66
985	574.21
986	593.45
987	607.17
988	603.83
989	578.06
990	550.96
991	527.87
992	507.29
993	481.52
994	442.54
995	410.92
996	408.41
997	431.5
998	472.49
999	513.81
1000	548.95
1001	583.75
1002	613.36
1003	632.77
1004	637.62
1005	641.47
1006	660.88
1007	685.47
1008	711.91
1009	722.28
1010	709.06
1011	697.35
1012	697.85
1013	707.89
1014	709.57
1015	706.72
1016	706.39
1017	710.07
1018	720.61
1019	722.11
1020	707.89
1021	690.83
1022	672.76
1023	661.05
1024	639.97
